2.519
2.519
2.519
2.589
2.589
2.599
2.599
2.599
2.599
2.599
2.599
2.599
2.599
2.599
2.599
2.609
2.609
2.609
2.609
2.619
2.619
2.619
2.619
2.619
2.619
2.619
2.619
2.619
2.619
2.619
2.619
2.619
2.619
2.629
2.629
2.629
2.649
2.649
2.649
2.649
2.649
2.649
2.649
2.649
2.649
2.649
2.649
2.649
2.649
2.649
2.649
2.649
2.649
2.649
2.699
2.699
2.699
2.699
2.699
2.699
2.699
2.699
2.699
2.699
2.699
2.699
2.699
2.699
2.699
2.699
2.699
2.699
2.699
2.699
2.699
2.699
2.699
2.699
2.699
2.699
2.699
2.699
2.699
2.699
2.699
2.699
2.699
2.699
2.739
2.739
2.739
2.739
2.739
2.739
2.739
2.739
2.739
2.739
2.739
2.749